-------------------
T (K)   η (Pa·s)
-------------------
0.8     1.582e-5
0.85    9.537e-6
0.9     6.288e-6
0.95    4.806e-6
1.0     3.873e-6
1.05    3.028e-6
1.1     2.391e-6
1.15    1.98e-6
1.2     1.736e-6
1.25    1.604e-6
1.3     1.527e-6
1.35    1.466e-6
1.4     1.416e-6
1.45    1.377e-6
1.5     1.346e-6
1.55    1.323e-6
1.6     1.306e-6
1.65    1.295e-6
1.7     1.29e-6
1.75    1.29e-6
1.8     1.298e-6
1.85    1.316e-6
1.9     1.347e-6
1.95    1.397e-6
2.0     1.468e-6
2.05    1.569e-6
2.1     1.803e-6
2.11    1.868e-6
2.12    1.936e-6
2.13    2.008e-6
2.14    2.083e-6
2.15    2.161e-6
2.16    2.252e-6
2.17    2.385e-6